Date,Total,Ped_south,Ped_north,Bike_south,Bike_north,month,year,ped_total,bike_total
2014-01-01,913,187,189,134,403,Jan,2014,376,537
2014-01-02,758,114,64,391,189,Jan,2014,178,580
2014-01-03,909,148,146,307,308,Jan,2014,294,615
2014-01-04,1373,221,207,484,461,Jan,2014,428,945
2014-01-05,1027,188,187,327,325,Jan,2014,375,652
2014-01-06,684,117,114,232,221,Jan,2014,231,453
2014-01-07,495,83,71,173,168,Jan,2014,154,341
2014-01-08,569,97,95,188,189,Jan,2014,192,377
2014-01-09,607,97,105,206,199,Jan,2014,202,405
2014-01-10,630,154,145,156,175,Jan,2014,299,331
2014-01-11,402,118,116,85,83,Jan,2014,234,168
2014-01-12,724,178,169,181,196,Jan,2014,347,377
2014-01-13,788,130,122,282,254,Jan,2014,252,536
2014-01-14,1223,299,289,305,330,Jan,2014,588,635
2014-01-15,1028,148,132,369,379,Jan,2014,280,748
2014-01-16,827,130,113,292,292,Jan,2014,243,584
2014-01-17,728,120,122,253,233,Jan,2014,242,486
2014-01-18,1334,227,218,450,439,Jan,2014,445,889
2014-01-19,853,187,182,248,236,Jan,2014,369,484
2014-01-20,1138,194,178,384,382,Jan,2014,372,766
2014-01-21,823,116,119,284,304,Jan,2014,235,588
2014-01-22,833,136,122,278,297,Jan,2014,258,575
2014-01-23,886,152,136,298,300,Jan,2014,288,598
2014-01-24,944,134,144,349,317,Jan,2014,278,666
2014-01-25,1570,206,212,574,578,Jan,2014,418,1152
2014-01-26,1632,257,230,576,569,Jan,2014,487,1145
2014-01-27,730,110,95,269,256,Jan,2014,205,525
2014-01-28,726,120,109,244,253,Jan,2014,229,497
2014-01-29,507,85,76,170,176,Jan,2014,161,346
2014-01-30,663,108,105,226,224,Jan,2014,213,450
2014-01-31,662,115,107,216,224,Jan,2014,222,440
2014-02-01,1212,225,226,374,387,Feb,2014,451,761
2014-02-02,1159,266,224,338,331,Feb,2014,490,669
2014-02-03,704,115,119,249,221,Feb,2014,234,470
2014-02-04,678,115,114,216,233,Feb,2014,229,449
2014-02-05,482,108,90,143,141,Feb,2014,198,284
2014-02-06,408,79,87,113,129,Feb,2014,166,242
2014-02-07,435,98,88,127,122,Feb,2014,186,249
2014-02-08,906,206,202,250,248,Feb,2014,408,498
2014-02-09,267,124,128,7,8,Feb,2014,252,15
2014-02-10,405,82,92,119,112,Feb,2014,174,231
2014-02-11,681,138,114,210,219,Feb,2014,252,429
2014-02-12,758,142,129,239,248,Feb,2014,271,487
2014-02-13,968,169,158,320,321,Feb,2014,327,641
2014-02-14,560,102,109,178,171,Feb,2014,211,349
2014-02-15,793,174,187,224,208,Feb,2014,361,432
2014-02-16,615,150,143,167,155,Feb,2014,293,322
2014-02-17,600,153,147,146,154,Feb,2014,300,300
2014-02-18,443,81,70,144,148,Feb,2014,151,292
2014-02-19,791,157,151,246,237,Feb,2014,308,483
2014-02-20,736,128,131,237,240,Feb,2014,259,477
2014-02-21,622,93,96,222,211,Feb,2014,189,433
2014-02-22,616,157,158,150,151,Feb,2014,315,301
2014-02-23,640,173,150,157,160,Feb,2014,323,317
2014-02-24,383,93,86,98,106,Feb,2014,179,204
2014-02-25,1017,157,164,341,355,Feb,2014,321,696
2014-02-26,1151,165,140,424,422,Feb,2014,305,846
2014-02-27,904,126,137,313,328,Feb,2014,263,641
2014-02-28,1233,192,178,423,440,Feb,2014,370,863
2014-03-01,950,182,174,262,332,Mar,2014,356,594
2014-03-02,450,126,124,100,100,Mar,2014,250,200
2014-03-03,678,138,127,199,214,Mar,2014,265,413
2014-03-04,550,92,85,179,194,Mar,2014,177,373
2014-03-05,695,133,136,201,225,Mar,2014,269,426
2014-03-06,625,133,122,173,197,Mar,2014,255,370
2014-03-07,1293,290,244,381,378,Mar,2014,534,759
2014-03-08,975,218,242,241,274,Mar,2014,460,515
2014-03-09,1281,229,208,419,425,Mar,2014,437,844
2014-03-10,755,165,159,207,224,Mar,2014,324,431
2014-03-11,1502,210,193,546,553,Mar,2014,403,1099
2014-03-12,1676,226,205,614,631,Mar,2014,431,1245
2014-03-13,1232,171,158,462,441,Mar,2014,329,903
2014-03-14,1114,245,259,294,316,Mar,2014,504,610
2014-03-15,1332,202,202,442,486,Mar,2014,404,928
2014-03-16,404,129,115,77,83,Mar,2014,244,160
2014-03-17,1241,223,215,404,399,Mar,2014,438,803
2014-03-18,898,128,122,311,337,Mar,2014,250,648
2014-03-19,750,163,161,208,218,Mar,2014,324,426
2014-03-20,1000,168,169,337,326,Mar,2014,337,663
2014-03-21,1326,212,193,461,460,Mar,2014,405,921
2014-03-22,2035,242,231,763,799,Mar,2014,473,1562
2014-03-23,2386,252,230,937,967,Mar,2014,482,1904
2014-03-24,1783,208,176,681,718,Mar,2014,384,1399
2014-03-25,562,87,87,185,203,Mar,2014,174,388
2014-03-26,793,144,136,262,251,Mar,2014,280,513
2014-03-27,935,145,149,325,316,Mar,2014,294,641
2014-03-28,453,96,110,116,131,Mar,2014,206,247
2014-03-29,781,180,197,225,179,Mar,2014,377,404
2014-03-30,1833,303,284,638,608,Mar,2014,587,1246
2014-03-31,1594,212,202,574,606,Mar,2014,414,1180
2014-04-01,1671,251,222,585,613,Apr,2014,473,1198
2014-04-02,1469,207,202,508,552,Apr,2014,409,1060
2014-04-03,821,142,122,281,276,Apr,2014,264,557
2014-04-04,1245,195,199,426,425,Apr,2014,394,851
2014-04-05,1753,511,523,327,392,Apr,2014,1034,719
2014-04-06,1878,262,244,684,688,Apr,2014,506,1372
2014-04-07,2324,251,227,902,944,Apr,2014,478,1846
2014-04-08,1067,177,198,360,332,Apr,2014,375,692
2014-04-09,1527,194,185,572,576,Apr,2014,379,1148
2014-04-10,1674,222,215,610,627,Apr,2014,437,1237
2014-04-11,1421,198,190,506,527,Apr,2014,388,1033
2014-04-12,2856,360,343,1059,1094,Apr,2014,703,2153
2014-04-13,3579,325,272,1438,1544,Apr,2014,597,2982
2014-04-14,1843,216,168,692,767,Apr,2014,384,1459
2014-04-15,1224,175,174,423,452,Apr,2014,349,875
2014-04-16,699,109,98,239,253,Apr,2014,207,492
2014-04-17,522,106,95,151,170,Apr,2014,201,321
2014-04-18,1515,162,168,569,616,Apr,2014,330,1185
2014-04-19,1379,246,214,431,488,Apr,2014,460,919
2014-04-20,2216,268,254,808,886,Apr,2014,522,1694
2014-04-21,1428,184,173,536,535,Apr,2014,357,1071
2014-04-22,976,165,152,318,341,Apr,2014,317,659
2014-04-23,958,152,146,331,329,Apr,2014,298,660
2014-04-24,898,144,137,295,322,Apr,2014,281,617
2014-04-25,1604,214,194,564,632,Apr,2014,408,1196
2014-04-26,2455,297,281,854,1023,Apr,2014,578,1877
2014-04-27,1759,276,263,542,678,Apr,2014,539,1220
2014-04-28,1703,214,189,620,680,Apr,2014,403,1300
2014-04-29,2450,261,235,932,1022,Apr,2014,496,1954
2014-04-30,2529,285,250,974,1020,Apr,2014,535,1994
2014-05-01,2775,244,215,1108,1208,May,2014,459,2316
2014-05-02,1961,187,165,781,828,May,2014,352,1609
2014-05-03,1730,362,324,516,528,May,2014,686,1044
2014-05-04,716,191,173,160,192,May,2014,364,352
2014-05-05,1228,215,189,398,426,May,2014,404,824
2014-05-06,1841,221,198,671,751,May,2014,419,1422
2014-05-07,2430,236,212,965,1017,May,2014,448,1982
2014-05-08,1006,142,114,374,376,May,2014,256,750
2014-05-09,1057,162,147,365,383,May,2014,309,748
2014-05-10,1986,249,230,660,847,May,2014,479,1507
2014-05-11,3166,305,245,1262,1354,May,2014,550,2616
2014-05-12,2489,267,252,956,1014,May,2014,519,1970
2014-05-13,2754,259,249,1096,1150,May,2014,508,2246
2014-05-14,2558,249,202,1009,1098,May,2014,451,2107
2014-05-15,2364,241,237,946,940,May,2014,478,1886
2014-05-16,2220,216,187,890,927,May,2014,403,1817
2014-05-17,4144,305,266,1751,1822,May,2014,571,3573
2014-05-18,2327,281,256,895,895,May,2014,537,1790
2014-05-19,1831,209,189,709,724,May,2014,398,1433
2014-05-20,2464,258,230,974,1002,May,2014,488,1976
2014-05-21,2083,213,183,840,847,May,2014,396,1687
2014-05-22,2294,235,221,894,944,May,2014,456,1838
2014-05-23,1015,131,122,372,390,May,2014,253,762
2014-05-24,2725,273,244,1058,1150,May,2014,517,2208
2014-05-25,1421,191,165,529,536,May,2014,356,1065
2014-05-26,2465,314,276,927,948,May,2014,590,1875
2014-05-27,2097,218,184,822,873,May,2014,402,1695
2014-05-28,1494,234,194,524,542,May,2014,428,1066
2014-05-29,1537,202,178,561,596,May,2014,380,1157
2014-05-30,2352,244,232,926,950,May,2014,476,1876
2014-05-31,3758,378,326,1506,1548,May,2014,704,3054
2014-06-01,3396,336,307,1379,1374,Jun,2014,643,2753
2014-06-02,2385,321,287,858,919,Jun,2014,608,1777
2014-06-03,1907,210,198,739,760,Jun,2014,408,1499
2014-06-04,2139,269,276,788,806,Jun,2014,545,1594
2014-06-05,2165,266,198,837,864,Jun,2014,464,1701
2014-06-06,2194,245,211,876,862,Jun,2014,456,1738
2014-06-09,1801,269,253,613,666,Jun,2014,522,1279
2014-06-10,1819,206,192,685,736,Jun,2014,398,1421
2014-06-11,2397,266,240,925,966,Jun,2014,506,1891
2014-06-12,1403,202,177,489,535,Jun,2014,379,1024
2014-06-13,780,121,117,265,277,Jun,2014,238,542
2014-06-14,2186,264,248,809,865,Jun,2014,512,1674
2014-06-15,1641,213,190,598,640,Jun,2014,403,1238
2014-06-16,1296,203,192,427,474,Jun,2014,395,901
2014-06-17,1707,239,234,578,656,Jun,2014,473,1234
2014-06-18,2067,243,226,773,825,Jun,2014,469,1598
2014-06-19,2022,225,191,805,801,Jun,2014,416,1606
2014-06-20,1730,197,194,657,682,Jun,2014,391,1339
2014-06-21,4036,327,245,1667,1797,Jun,2014,572,3464
2014-06-22,3365,301,247,1359,1458,Jun,2014,548,2817
2014-06-23,2284,239,242,885,918,Jun,2014,481,1803
2014-06-24,2023,240,225,754,804,Jun,2014,465,1558
2014-06-25,2445,242,240,976,987,Jun,2014,482,1963
2014-06-26,1783,251,179,646,707,Jun,2014,430,1353
2014-06-27,1243,179,177,428,459,Jun,2014,356,887
2014-06-28,2245,234,228,836,947,Jun,2014,462,1783
2014-06-29,2938,301,265,1150,1222,Jun,2014,566,2372
2014-06-30,2461,260,221,987,993,Jun,2014,481,1980
2014-07-01,2315,214,196,904,1001,Jul,2014,410,1905
2014-07-02,2301,244,191,900,966,Jul,2014,435,1866
2014-07-03,1994,230,194,764,806,Jul,2014,424,1570
2014-07-04,2943,253,236,1233,1221,Jul,2014,489,2454
2014-07-05,2475,214,161,1024,1076,Jul,2014,375,2100
2014-07-06,4022,355,298,1633,1736,Jul,2014,653,3369
2014-07-07,2402,284,263,927,928,Jul,2014,547,1855
2014-07-08,2579,244,224,1025,1086,Jul,2014,468,2111
2014-07-09,2534,260,205,1016,1053,Jul,2014,465,2069
2014-07-10,2410,259,230,938,983,Jul,2014,489,1921
2014-07-11,2210,262,207,862,879,Jul,2014,469,1741
2014-07-12,2925,296,232,1140,1257,Jul,2014,528,2397
2014-07-13,2685,278,249,1061,1097,Jul,2014,527,2158
2014-07-14,2241,279,241,831,890,Jul,2014,520,1721
2014-07-15,2369,256,222,897,994,Jul,2014,478,1891
2014-07-16,2375,247,229,907,992,Jul,2014,476,1899
2014-07-17,2151,280,217,809,845,Jul,2014,497,1654
2014-07-18,2101,210,207,837,847,Jul,2014,417,1684
2014-07-19,2492,260,248,956,1028,Jul,2014,508,1984
2014-07-20,1874,246,227,712,689,Jul,2014,473,1401
2014-07-21,2346,276,243,903,924,Jul,2014,519,1827
2014-07-22,1971,253,211,735,772,Jul,2014,464,1507
2014-07-23,594,121,132,161,180,Jul,2014,253,341
2014-07-24,1020,166,149,346,359,Jul,2014,315,705
2014-07-25,2211,221,195,908,887,Jul,2014,416,1795
2014-07-26,3292,295,285,1351,1361,Jul,2014,580,2712
2014-07-27,3366,313,258,1361,1434,Jul,2014,571,2795
2014-07-28,2394,247,243,917,987,Jul,2014,490,1904
2014-07-29,2523,281,236,1000,1006,Jul,2014,517,2006
2014-07-30,2359,254,215,926,964,Jul,2014,469,1890
2014-07-31,2171,225,214,855,877,Jul,2014,439,1732
2014-08-01,2025,215,202,798,810,Aug,2014,417,1608
2014-08-02,2722,300,233,1059,1130,Aug,2014,533,2189
2014-08-03,3256,329,272,1305,1350,Aug,2014,601,2655
2014-08-04,2191,231,218,834,908,Aug,2014,449,1742
2014-08-05,2066,246,215,795,810,Aug,2014,461,1605
2014-08-06,2290,266,249,843,932,Aug,2014,515,1775
2014-08-07,2172,276,239,799,858,Aug,2014,515,1657
2014-08-08,2105,232,198,808,867,Aug,2014,430,1675
2014-08-09,3102,366,326,1190,1220,Aug,2014,692,2410
2014-08-10,3079,306,260,1160,1353,Aug,2014,566,2513
2014-08-11,1913,194,153,847,719,Aug,2014,347,1566
2014-08-12,1489,186,179,539,585,Aug,2014,365,1124
2014-08-13,1324,203,169,461,491,Aug,2014,372,952
2014-08-14,1697,205,197,641,654,Aug,2014,402,1295
2014-08-15,2381,166,178,549,1488,Aug,2014,344,2037
2014-08-16,3882,285,279,1179,2139,Aug,2014,564,3318
2014-08-17,3261,328,275,1328,1330,Aug,2014,603,2658
2014-08-18,1984,239,208,769,768,Aug,2014,447,1537
2014-08-19,2046,218,164,816,848,Aug,2014,382,1664
2014-08-20,1853,219,195,690,749,Aug,2014,414,1439
2014-08-21,1753,184,168,699,702,Aug,2014,352,1401
2014-08-22,1908,241,189,701,777,Aug,2014,430,1478
2014-08-23,2961,284,273,1061,1343,Aug,2014,557,2404
2014-08-24,2892,310,252,1134,1196,Aug,2014,562,2330
2014-08-25,2028,226,194,758,850,Aug,2014,420,1608
2014-08-26,2143,244,204,814,881,Aug,2014,448,1695
2014-08-27,2113,221,209,793,890,Aug,2014,430,1683
2014-08-28,1932,226,192,733,781,Aug,2014,418,1514
2014-08-29,1338,182,164,497,495,Aug,2014,346,992
2014-08-30,1030,217,199,286,328,Aug,2014,416,614
2014-08-31,2311,277,232,892,910,Aug,2014,509,1802
2014-09-01,3357,335,292,1363,1367,Sep,2014,627,2730
2014-09-02,1119,144,129,428,418,Sep,2014,273,846
2014-09-03,1681,204,201,629,647,Sep,2014,405,1276
2014-09-04,1747,210,176,654,707,Sep,2014,386,1361
2014-09-05,1898,205,182,745,766,Sep,2014,387,1511
2014-09-06,2745,278,257,1066,1144,Sep,2014,535,2210
2014-09-07,3117,367,281,1169,1300,Sep,2014,648,2469
2014-09-08,1520,203,194,537,586,Sep,2014,397,1123
2014-09-09,1503,185,178,555,585,Sep,2014,363,1140
2014-09-10,1604,197,177,597,633,Sep,2014,374,1230
2014-09-11,1559,174,159,585,641,Sep,2014,333,1226
2014-09-12,1747,222,187,656,682,Sep,2014,409,1338
2014-09-13,2574,326,285,950,1013,Sep,2014,611,1963
2014-09-14,2624,342,309,973,1000,Sep,2014,651,1973
2014-09-15,1792,188,194,689,721,Sep,2014,382,1410
2014-09-16,1663,215,182,617,649,Sep,2014,397,1266
2014-09-17,1377,187,169,516,505,Sep,2014,356,1021
2014-09-18,993,167,160,320,346,Sep,2014,327,666
2014-09-19,1801,390,339,533,539,Sep,2014,729,1072
2014-09-20,2527,280,256,1001,990,Sep,2014,536,1991
2014-09-21,2372,294,264,904,910,Sep,2014,558,1814
2014-09-22,1401,182,174,499,546,Sep,2014,356,1045
2014-09-23,1035,155,144,345,391,Sep,2014,299,736
2014-09-24,825,153,128,268,276,Sep,2014,281,544
2014-09-25,933,135,135,316,347,Sep,2014,270,663
2014-09-26,867,138,125,289,315,Sep,2014,263,604
2014-09-27,2499,455,427,797,820,Sep,2014,882,1617
2014-09-28,1939,278,248,684,729,Sep,2014,526,1413
2014-09-29,887,145,138,307,297,Sep,2014,283,604
2014-09-30,1214,161,160,405,488,Sep,2014,321,893
2014-10-01,1339,164,158,506,511,Oct,2014,322,1017
2014-10-02,1444,185,163,535,561,Oct,2014,348,1096
2014-10-03,1535,161,176,590,608,Oct,2014,337,1198
2014-10-04,1851,228,225,689,709,Oct,2014,453,1398
2014-10-05,2344,312,266,873,893,Oct,2014,578,1766
2014-10-06,1558,187,189,585,597,Oct,2014,376,1182
2014-10-07,1329,154,144,496,535,Oct,2014,298,1031
2014-10-08,1373,161,145,528,539,Oct,2014,306,1067
2014-10-09,1251,159,145,460,487,Oct,2014,304,947
2014-10-10,1116,168,145,387,416,Oct,2014,313,803
2014-10-11,1176,216,221,377,362,Oct,2014,437,739
2014-10-12,1565,290,254,485,536,Oct,2014,544,1021
2014-10-13,1238,165,174,467,432,Oct,2014,339,899
2014-10-14,1044,163,142,369,370,Oct,2014,305,739
2014-10-15,840,139,144,273,284,Oct,2014,283,557
2014-10-16,1434,210,184,520,520,Oct,2014,394,1040
2014-10-17,721,118,121,232,250,Oct,2014,239,482
2014-10-18,1098,230,210,324,334,Oct,2014,440,658
2014-10-19,2399,276,260,937,926,Oct,2014,536,1863
2014-10-20,911,138,142,308,323,Oct,2014,280,631
2014-10-21,1008,131,142,367,368,Oct,2014,273,735
2014-10-22,500,78,76,183,163,Oct,2014,154,346
2014-10-23,719,128,139,221,231,Oct,2014,267,452
2014-10-24,1059,121,140,413,385,Oct,2014,261,798
2014-10-25,548,56,170,161,161,Oct,2014,226,322
2014-10-26,928,167,183,299,279,Oct,2014,350,578
2014-10-27,1082,77,161,428,416,Oct,2014,238,844
2014-10-28,604,85,87,208,224,Oct,2014,172,432
2014-10-29,1200,157,172,431,440,Oct,2014,329,871
2014-10-30,561,59,96,202,204,Oct,2014,155,406
2014-10-31,561,83,103,174,201,Oct,2014,186,375
2014-11-01,1239,209,196,414,420,Nov,2014,405,834
2014-11-02,1039,247,223,282,287,Nov,2014,470,569
2014-11-03,680,108,109,227,236,Nov,2014,217,463
2014-11-04,895,148,159,288,300,Nov,2014,307,588
2014-11-05,893,122,117,334,320,Nov,2014,239,654
2014-11-06,646,114,124,204,204,Nov,2014,238,408
2014-11-07,1324,174,148,494,508,Nov,2014,322,1002
2014-11-08,1835,288,259,641,647,Nov,2014,547,1288
2014-11-09,575,168,157,125,125,Nov,2014,325,250
2014-11-10,1166,166,161,413,426,Nov,2014,327,839
2014-11-11,1069,167,168,359,375,Nov,2014,335,734
2014-11-12,803,118,101,300,284,Nov,2014,219,584
2014-11-13,755,126,107,256,266,Nov,2014,233,522
2014-11-14,757,123,128,258,248,Nov,2014,251,506
2014-11-15,993,186,189,306,312,Nov,2014,375,618
2014-11-16,1028,216,223,303,286,Nov,2014,439,589
2014-11-17,913,139,135,319,320,Nov,2014,274,639
2014-11-18,855,119,112,301,323,Nov,2014,231,624
2014-11-19,902,152,151,295,304,Nov,2014,303,599
2014-11-20,795,126,108,278,283,Nov,2014,234,561
2014-11-21,536,96,83,178,179,Nov,2014,179,357
2014-11-22,950,226,226,243,255,Nov,2014,452,498
2014-11-23,687,168,167,174,178,Nov,2014,335,352
2014-11-24,755,107,112,267,269,Nov,2014,219,536
2014-11-25,554,94,88,184,188,Nov,2014,182,372
2014-11-26,832,129,117,282,304,Nov,2014,246,586
2014-11-27,939,340,314,149,136,Nov,2014,654,285
2014-11-28,196,47,49,59,41,Nov,2014,96,100
2014-11-29,341,117,122,53,49,Nov,2014,239,102
2014-11-30,503,153,156,101,93,Nov,2014,309,194
2014-12-01,541,97,117,159,168,Dec,2014,214,327
2014-12-02,584,96,96,176,216,Dec,2014,192,392
2014-12-03,649,109,102,205,233,Dec,2014,211,438
2014-12-04,580,87,90,187,216,Dec,2014,177,403
2014-12-05,576,112,101,186,177,Dec,2014,213,363
2014-12-06,759,191,192,193,183,Dec,2014,383,376
2014-12-07,1048,197,180,330,341,Dec,2014,377,671
2014-12-08,768,111,110,276,271,Dec,2014,221,547
2014-12-09,673,137,136,193,207,Dec,2014,273,400
2014-12-10,548,93,88,186,181,Dec,2014,181,367
2014-12-11,515,93,94,154,174,Dec,2014,187,328
2014-12-12,749,132,120,256,241,Dec,2014,252,497
2014-12-13,1146,189,211,400,346,Dec,2014,400,746
2014-12-14,1100,192,171,370,367,Dec,2014,363,737
2014-12-15,839,129,135,291,284,Dec,2014,264,575
2014-12-16,809,122,112,283,292,Dec,2014,234,575
2014-12-17,595,106,112,178,199,Dec,2014,218,377
2014-12-18,544,92,94,178,180,Dec,2014,186,358
2014-12-19,709,138,123,223,225,Dec,2014,261,448
2014-12-20,375,122,119,73,61,Dec,2014,241,134
2014-12-21,933,206,196,274,257,Dec,2014,402,531
2014-12-22,858,134,133,293,298,Dec,2014,267,591
2014-12-23,507,116,115,134,142,Dec,2014,231,276
2014-12-24,571,130,142,145,154,Dec,2014,272,299
2014-12-25,642,162,148,163,169,Dec,2014,310,332
2014-12-26,804,151,157,250,246,Dec,2014,308,496
2014-12-27,527,147,133,125,122,Dec,2014,280,247
2014-12-28,709,170,175,179,185,Dec,2014,345,364
2014-12-29,709,115,135,244,215,Dec,2014,250,459
2014-12-30,641,120,127,188,206,Dec,2014,247,394
2014-12-31,635,144,126,185,180,Dec,2014,270,365
2015-01-01,817,183,173,208,253,Jan,2015,356,461
2015-01-02,503,92,88,149,174,Jan,2015,180,323
2015-01-03,961,192,187,297,285,Jan,2015,379,582
2015-01-04,414,134,127,76,77,Jan,2015,261,153
2015-01-05,550,97,94,173,186,Jan,2015,191,359
2015-01-06,1023,145,139,363,376,Jan,2015,284,739
2015-01-07,1002,136,135,358,373,Jan,2015,271,731
2015-01-08,873,125,130,298,320,Jan,2015,255,618
2015-01-09,792,123,123,270,276,Jan,2015,246,546
2015-01-10,856,183,183,261,229,Jan,2015,366,490
2015-01-11,926,191,204,265,266,Jan,2015,395,531
2015-01-12,972,152,140,335,345,Jan,2015,292,680
2015-01-13,962,132,124,340,366,Jan,2015,256,706
2015-01-14,1056,170,156,361,369,Jan,2015,326,730
2015-01-15,544,95,91,174,184,Jan,2015,186,358
2015-01-16,841,150,143,258,290,Jan,2015,293,548
2015-01-17,699,175,165,175,184,Jan,2015,340,359
2015-01-18,426,130,114,93,89,Jan,2015,244,182
2015-01-19,1071,189,195,355,332,Jan,2015,384,687
2015-01-20,1106,193,175,369,369,Jan,2015,368,738
2015-01-21,1282,330,300,308,344,Jan,2015,630,652
2015-01-22,742,173,153,194,222,Jan,2015,326,416
2015-01-23,651,156,146,160,189,Jan,2015,302,349
2015-01-24,1095,207,190,361,337,Jan,2015,397,698
2015-01-25,2482,306,269,912,995,Jan,2015,575,1907
2015-01-26,1503,253,219,514,517,Jan,2015,472,1031
2015-01-27,758,121,117,255,265,Jan,2015,238,520
2015-01-28,1104,229,209,325,341,Jan,2015,438,666
2015-01-29,1039,151,144,372,372,Jan,2015,295,744
2015-01-30,994,127,119,370,378,Jan,2015,246,748
2015-01-31,1802,451,382,502,467,Jan,2015,833,969
2015-02-01,737,202,195,164,176,Feb,2015,397,340
2015-02-02,628,119,129,177,203,Feb,2015,248,380
2015-02-03,749,134,137,229,249,Feb,2015,271,478
2015-02-04,788,129,126,260,273,Feb,2015,255,533
2015-02-05,513,101,107,149,156,Feb,2015,208,305
2015-02-06,562,130,119,152,161,Feb,2015,249,313
2015-02-07,652,174,179,143,156,Feb,2015,353,299
2015-02-08,1639,274,242,564,559,Feb,2015,516,1123
2015-02-09,724,129,134,240,221,Feb,2015,263,461
2015-02-10,862,150,132,272,308,Feb,2015,282,580
2015-02-11,1132,158,157,417,400,Feb,2015,315,817
2015-02-12,1002,169,158,344,331,Feb,2015,327,675
2015-02-13,1032,157,151,347,377,Feb,2015,308,724
2015-02-14,1681,288,275,563,555,Feb,2015,563,1118
2015-02-15,2038,278,221,760,779,Feb,2015,499,1539
2015-02-16,1673,232,189,640,612,Feb,2015,421,1252
2015-02-17,1458,218,202,524,514,Feb,2015,420,1038
2015-02-18,1055,159,160,357,379,Feb,2015,319,736
2015-02-19,670,125,119,220,206,Feb,2015,244,426
2015-02-20,835,143,144,270,278,Feb,2015,287,548
2015-02-21,1862,288,308,615,651,Feb,2015,596,1266
2015-02-22,1930,282,249,710,689,Feb,2015,531,1399
2015-02-23,1357,253,184,457,463,Feb,2015,437,920
2015-02-24,1199,185,189,389,436,Feb,2015,374,825
2015-02-25,773,137,125,256,255,Feb,2015,262,511
2015-02-26,753,151,138,216,248,Feb,2015,289,464
2015-02-27,644,128,129,180,207,Feb,2015,257,387
2015-02-28,2278,299,287,818,874,Feb,2015,586,1692
2015-03-01,2062,266,248,792,756,Mar,2015,514,1548
2015-03-02,984,152,159,340,333,Mar,2015,311,673
2015-03-03,1189,196,172,393,428,Mar,2015,368,821
2015-03-04,1204,178,164,417,445,Mar,2015,342,862
2015-03-05,1052,152,138,375,387,Mar,2015,290,762
2015-03-06,1252,186,177,435,454,Mar,2015,363,889
2015-03-07,2718,359,302,987,1070,Mar,2015,661,2057
2015-03-08,2867,320,289,1111,1147,Mar,2015,609,2258
2015-03-09,1429,227,194,486,522,Mar,2015,421,1008
2015-03-10,1263,193,188,423,459,Mar,2015,381,882
2015-03-11,739,133,119,247,240,Mar,2015,252,487
2015-03-12,1343,216,196,455,476,Mar,2015,412,931
2015-03-13,1582,197,189,583,613,Mar,2015,386,1196
2015-03-14,954,223,223,247,261,Mar,2015,446,508
2015-03-15,314,100,87,60,67,Mar,2015,187,127
2015-03-16,1250,194,187,413,456,Mar,2015,381,869
2015-03-17,926,160,140,305,321,Mar,2015,300,626
2015-03-18,1403,199,183,498,523,Mar,2015,382,1021
2015-03-19,1090,160,157,365,408,Mar,2015,317,773
2015-03-20,836,143,128,283,282,Mar,2015,271,565
2015-03-21,1588,281,277,502,528,Mar,2015,558,1030
2015-03-22,1447,218,212,518,499,Mar,2015,430,1017
2015-03-23,675,125,120,208,222,Mar,2015,245,430
2015-03-24,946,157,167,297,325,Mar,2015,324,622
2015-03-25,676,149,133,197,197,Mar,2015,282,394
2015-03-26,1824,239,224,672,689,Mar,2015,463,1361
2015-03-27,1449,176,150,539,584,Mar,2015,326,1123
2015-03-28,2264,301,273,866,824,Mar,2015,574,1690
2015-03-29,1774,249,236,626,663,Mar,2015,485,1289
2015-03-30,1609,228,244,539,598,Mar,2015,472,1137
2015-03-31,703,112,105,239,247,Mar,2015,217,486
2015-04-01,1234,237,225,374,398,Apr,2015,462,772
2015-04-02,1282,176,155,460,491,Apr,2015,331,951
2015-04-03,918,137,123,308,350,Apr,2015,260,658
2015-04-04,2377,309,284,866,918,Apr,2015,593,1784
2015-04-05,2062,260,251,765,786,Apr,2015,511,1551
2015-04-06,1117,168,166,387,396,Apr,2015,334,783
2015-04-07,1201,185,162,403,451,Apr,2015,347,854
2015-04-08,1650,212,217,615,606,Apr,2015,429,1221
2015-04-09,2050,266,235,769,780,Apr,2015,501,1549
2015-04-10,1031,179,158,337,357,Apr,2015,337,694
2015-04-11,1666,358,309,494,505,Apr,2015,667,999
2015-04-12,1953,254,227,722,750,Apr,2015,481,1472
2015-04-13,692,107,103,251,231,Apr,2015,210,482
2015-04-14,876,167,160,266,283,Apr,2015,327,549
2015-04-15,1532,181,188,574,589,Apr,2015,369,1163
2015-04-16,1782,199,170,692,721,Apr,2015,369,1413
2015-04-17,1686,224,209,624,629,Apr,2015,433,1253
2015-04-18,3035,317,277,1170,1271,Apr,2015,594,2441
2015-04-19,3453,349,323,1345,1436,Apr,2015,672,2781
2015-04-20,2027,255,207,748,817,Apr,2015,462,1565
2015-04-21,1329,180,178,477,494,Apr,2015,358,971
2015-04-22,1396,194,176,491,535,Apr,2015,370,1026
2015-04-23,919,163,141,297,318,Apr,2015,304,615
2015-04-24,1073,200,152,328,393,Apr,2015,352,721
2015-04-25,2106,277,258,755,816,Apr,2015,535,1571
2015-04-26,2142,277,238,809,818,Apr,2015,515,1627
2015-04-27,2273,260,230,871,912,Apr,2015,490,1783
2015-04-28,846,122,127,289,308,Apr,2015,249,597
2015-04-29,1434,209,193,502,530,Apr,2015,402,1032
2015-04-30,1771,220,217,658,676,Apr,2015,437,1334
2015-05-01,1817,182,174,707,754,May,2015,356,1461
2015-05-02,3094,305,297,1220,1272,May,2015,602,2492
2015-05-03,3336,302,263,1369,1402,May,2015,565,2771
2015-05-04,2493,544,405,740,804,May,2015,949,1544
2015-05-05,826,125,110,291,300,May,2015,235,591
2015-05-06,1602,213,210,581,598,May,2015,423,1179
2015-05-07,2247,229,218,892,908,May,2015,447,1800
2015-05-08,2204,222,192,863,927,May,2015,414,1790
2015-05-09,3984,350,340,1626,1668,May,2015,690,3294
2015-05-10,2784,287,254,1103,1140,May,2015,541,2243
2015-05-11,1384,169,169,515,531,May,2015,338,1046
2015-05-12,1390,186,165,499,540,May,2015,351,1039
2015-05-13,742,138,38,419,147,May,2015,176,566
2015-05-14,1343,142,21,850,330,May,2015,163,1180
2015-05-15,2216,379,19,1666,152,May,2015,398,1818
2015-05-16,3858,497,1,3331,29,May,2015,498,3360
2015-05-17,2614,531,1,2078,4,May,2015,532,2082
2015-05-18,2889,937,12,1907,33,May,2015,949,1940
2015-05-19,2121,388,18,1617,98,May,2015,406,1715
2015-05-20,2136,363,99,1228,446,May,2015,462,1674
2015-05-21,2344,337,135,1073,799,May,2015,472,1872
2015-05-22,1655,346,92,934,283,May,2015,438,1217
2015-05-23,1985,314,206,792,673,May,2015,520,1465
2015-05-24,2690,281,235,1106,1068,May,2015,516,2174
2015-05-25,2712,252,233,1088,1139,May,2015,485,2227
2015-05-26,1911,226,194,700,791,May,2015,420,1491
2015-05-27,2201,236,214,848,903,May,2015,450,1751
2015-05-28,2483,266,252,976,989,May,2015,518,1965
2015-05-29,2210,230,200,863,917,May,2015,430,1780
2015-05-30,3634,358,297,1462,1517,May,2015,655,2979
2015-05-31,3204,332,297,1254,1321,May,2015,629,2575
2015-06-01,1107,180,142,405,380,Jun,2015,322,785
2015-06-02,1086,188,186,351,361,Jun,2015,374,712
2015-06-03,1478,206,190,525,557,Jun,2015,396,1082
2015-06-04,2156,228,209,846,873,Jun,2015,437,1719
2015-06-05,2507,368,256,933,950,Jun,2015,624,1883
2015-06-06,3783,388,327,1479,1589,Jun,2015,715,3068
2015-06-08,2316,284,215,852,965,Jun,2015,499,1817
2015-06-09,2341,245,230,918,948,Jun,2015,475,1866
2015-06-10,2506,406,244,951,905,Jun,2015,650,1856
2015-06-11,2479,369,277,891,942,Jun,2015,646,1833
2015-06-12,2016,334,227,714,741,Jun,2015,561,1455
2015-06-13,3752,499,319,1433,1501,Jun,2015,818,2934
2015-06-14,3779,358,293,1563,1565,Jun,2015,651,3128
2015-06-15,2137,239,214,804,880,Jun,2015,453,1684
2015-06-16,2848,640,410,903,895,Jun,2015,1050,1798
2015-06-17,2450,275,220,968,987,Jun,2015,495,1955
2015-06-18,2131,245,184,813,889,Jun,2015,429,1702
2015-06-19,1677,210,188,615,664,Jun,2015,398,1279
2015-06-20,3596,354,277,1469,1496,Jun,2015,631,2965
2015-06-21,3101,275,232,1256,1338,Jun,2015,507,2594
2015-06-22,2233,265,231,840,897,Jun,2015,496,1737
2015-06-23,2680,272,235,1073,1100,Jun,2015,507,2173
2015-06-24,2362,273,239,925,925,Jun,2015,512,1850
2015-06-25,2459,291,202,942,1024,Jun,2015,493,1966
2015-06-26,2123,271,195,806,851,Jun,2015,466,1657
2015-06-27,3382,298,219,1295,1570,Jun,2015,517,2865
2015-06-28,2554,306,258,947,1043,Jun,2015,564,1990
2015-06-29,2339,476,138,872,853,Jun,2015,614,1725
2015-06-30,2403,276,254,882,991,Jun,2015,530,1873
2015-07-01,2355,213,200,919,1023,Jul,2015,413,1942
2015-07-02,2291,248,177,883,983,Jul,2015,425,1866
2015-07-03,3086,288,211,1199,1388,Jul,2015,499,2587
2015-07-04,2700,262,199,1092,1147,Jul,2015,461,2239
2015-07-05,2553,255,215,986,1097,Jul,2015,470,2083
2015-07-06,2343,268,244,873,958,Jul,2015,512,1831
2015-07-07,2530,276,244,983,1027,Jul,2015,520,2010
2015-07-08,2462,281,245,919,1017,Jul,2015,526,1936
2015-07-09,2292,264,245,839,944,Jul,2015,509,1783
2015-07-10,2000,229,205,774,792,Jul,2015,434,1566
2015-07-11,2579,263,241,995,1080,Jul,2015,504,2075
2015-07-12,2675,259,217,1068,1131,Jul,2015,476,2199
2015-07-13,1900,243,247,680,730,Jul,2015,490,1410
2015-07-14,2452,291,242,939,980,Jul,2015,533,1919
2015-07-15,2399,259,238,943,959,Jul,2015,497,1902
2015-07-16,2264,271,268,835,890,Jul,2015,539,1725
2015-07-17,2131,290,242,759,840,Jul,2015,532,1599
2015-07-18,2940,244,207,1152,1337,Jul,2015,451,2489
2015-07-19,2668,224,197,1037,1210,Jul,2015,421,2247
2015-07-20,2205,271,240,815,879,Jul,2015,511,1694
2015-07-21,2162,267,241,818,836,Jul,2015,508,1654
2015-07-22,2322,263,224,880,955,Jul,2015,487,1835
2015-07-23,2408,277,237,934,960,Jul,2015,514,1894
2015-07-24,1845,234,226,673,712,Jul,2015,460,1385
2015-07-25,1707,249,215,600,643,Jul,2015,464,1243
2015-07-26,1778,248,222,628,680,Jul,2015,470,1308
2015-07-27,2170,266,247,787,870,Jul,2015,513,1657
2015-07-28,2587,336,187,1022,1042,Jul,2015,523,2064
2015-07-29,2265,277,143,892,953,Jul,2015,420,1845
2015-07-30,2305,309,163,895,938,Jul,2015,472,1833
2015-07-31,1972,204,167,765,836,Jul,2015,371,1601
2015-08-01,2951,276,236,1212,1227,Aug,2015,512,2439
2015-08-02,2910,266,228,1208,1208,Aug,2015,494,2416
2015-08-03,2294,248,246,877,923,Aug,2015,494,1800
2015-08-04,2349,238,229,937,945,Aug,2015,467,1882
2015-08-05,1968,249,222,730,767,Aug,2015,471,1497
2015-08-06,2159,251,222,834,852,Aug,2015,473,1686
2015-08-07,2302,249,216,881,956,Aug,2015,465,1837
2015-08-08,2542,276,266,963,1037,Aug,2015,542,2000
2015-08-09,3074,318,277,1229,1250,Aug,2015,595,2479
2015-08-10,2211,259,247,841,864,Aug,2015,506,1705
2015-08-11,2410,274,231,931,974,Aug,2015,505,1905
2015-08-12,2163,243,232,816,872,Aug,2015,475,1688
2015-08-13,2261,337,236,803,885,Aug,2015,573,1688
2015-08-14,1839,148,167,290,1234,Aug,2015,315,1524
2015-08-15,3218,305,301,813,1799,Aug,2015,606,2612
2015-08-16,2906,314,279,1151,1162,Aug,2015,593,2313
2015-08-17,2329,334,241,853,901,Aug,2015,575,1754
2015-08-18,2301,275,253,834,939,Aug,2015,528,1773
2015-08-19,2112,245,212,783,872,Aug,2015,457,1655
2015-08-20,1910,254,239,682,735,Aug,2015,493,1417
2015-08-21,1861,211,229,669,752,Aug,2015,440,1421
2015-08-22,2782,235,258,1021,1268,Aug,2015,493,2289
2015-08-23,2791,262,257,1119,1153,Aug,2015,519,2272
2015-08-24,2066,273,269,754,770,Aug,2015,542,1524
2015-08-25,2088,274,256,761,797,Aug,2015,530,1558
2015-08-26,2185,290,234,798,863,Aug,2015,524,1661
2015-08-27,2187,237,225,868,857,Aug,2015,462,1725
2015-08-28,1330,204,173,465,488,Aug,2015,377,953
2015-08-29,844,195,184,226,239,Aug,2015,379,465
2015-08-30,1337,207,207,448,475,Aug,2015,414,923
2015-08-31,955,152,149,314,340,Aug,2015,301,654
2015-09-01,1016,173,172,314,357,Sep,2015,345,671
2015-09-02,1558,202,212,579,565,Sep,2015,414,1144
2015-09-03,1301,185,170,467,479,Sep,2015,355,946
2015-09-04,1407,196,183,505,523,Sep,2015,379,1028
2015-09-05,2692,299,279,1032,1082,Sep,2015,578,2114
2015-09-06,999,180,167,326,326,Sep,2015,347,652
2015-09-07,2898,332,291,1133,1142,Sep,2015,623,2275
2015-09-08,1540,187,182,547,624,Sep,2015,369,1171
2015-09-09,1986,209,206,774,797,Sep,2015,415,1571
2015-09-10,1872,231,196,681,764,Sep,2015,427,1445
2015-09-11,1916,237,202,727,750,Sep,2015,439,1477
2015-09-12,2698,303,273,1034,1088,Sep,2015,576,2122
2015-09-13,1606,248,225,568,565,Sep,2015,473,1133
2015-09-14,1376,196,199,467,514,Sep,2015,395,981
2015-09-15,1398,175,180,510,533,Sep,2015,355,1043
2015-09-16,1709,239,208,625,637,Sep,2015,447,1262
2015-09-17,811,140,138,261,272,Sep,2015,278,533
2015-09-18,1322,194,175,451,502,Sep,2015,369,953
2015-09-19,1887,211,228,698,750,Sep,2015,439,1448
2015-09-20,1433,263,233,456,481,Sep,2015,496,937
2015-09-21,1589,228,229,534,598,Sep,2015,457,1132
2015-09-22,1706,207,193,641,665,Sep,2015,400,1306
2015-09-23,1726,181,192,685,668,Sep,2015,373,1353
2015-09-24,1550,196,183,569,602,Sep,2015,379,1171
2015-09-25,925,156,142,319,308,Sep,2015,298,627
2015-09-26,1944,248,230,732,734,Sep,2015,478,1466
2015-09-27,1845,226,265,669,685,Sep,2015,491,1354
2015-09-28,1554,216,211,553,574,Sep,2015,427,1127
2015-09-29,1800,197,189,677,737,Sep,2015,386,1414
2015-09-30,1484,174,175,555,580,Sep,2015,349,1135
2015-10-01,1396,173,154,507,562,Oct,2015,327,1069
2015-10-02,997,145,144,327,381,Oct,2015,289,708
2015-10-03,1928,256,262,676,734,Oct,2015,518,1410
2015-10-04,2336,334,269,866,867,Oct,2015,603,1733
2015-10-05,1625,207,183,601,634,Oct,2015,390,1235
2015-10-06,1368,173,158,498,539,Oct,2015,331,1037
2015-10-07,700,123,111,225,241,Oct,2015,234,466
2015-10-08,1251,164,163,437,487,Oct,2015,327,924
2015-10-09,982,140,119,350,373,Oct,2015,259,723
2015-10-10,584,157,147,142,138,Oct,2015,304,280
2015-10-11,1889,289,293,647,660,Oct,2015,582,1307
2015-10-12,1114,155,143,407,409,Oct,2015,298,816
2015-10-13,1119,158,146,378,437,Oct,2015,304,815
2015-10-14,1263,162,167,458,476,Oct,2015,329,934
2015-10-15,1475,171,184,561,559,Oct,2015,355,1120
2015-10-16,1705,198,195,644,668,Oct,2015,393,1312
2015-10-17,1520,215,212,539,554,Oct,2015,427,1093
2015-10-18,809,163,168,231,247,Oct,2015,331,478
2015-10-19,1032,160,170,342,360,Oct,2015,330,702
2015-10-20,1455,186,161,521,587,Oct,2015,347,1108
2015-10-21,1240,167,164,456,453,Oct,2015,331,909
2015-10-22,1267,172,140,468,487,Oct,2015,312,955
2015-10-23,1248,146,130,486,486,Oct,2015,276,972
2015-10-24,1370,240,216,453,461,Oct,2015,456,914
2015-10-25,1320,235,237,430,418,Oct,2015,472,848
2015-10-26,677,96,95,233,253,Oct,2015,191,486
2015-10-27,1648,318,272,519,539,Oct,2015,590,1058
2015-10-28,771,129,140,256,246,Oct,2015,269,502
2015-10-29,1000,138,145,360,357,Oct,2015,283,717
2015-10-30,642,103,96,223,220,Oct,2015,199,443
2015-10-31,540,151,165,106,118,Oct,2015,316,224
2015-11-01,731,207,205,156,163,Nov,2015,412,319
2015-11-02,1008,154,148,340,366,Nov,2015,302,706
2015-11-03,1068,147,132,376,413,Nov,2015,279,789
2015-11-04,1284,177,155,488,464,Nov,2015,332,952
2015-11-05,928,145,146,303,334,Nov,2015,291,637
2015-11-06,939,150,149,307,333,Nov,2015,299,640
2015-11-07,623,169,175,148,131,Nov,2015,344,279
2015-11-08,948,274,255,217,202,Nov,2015,529,419
2015-11-09,798,132,109,262,295,Nov,2015,241,557
2015-11-10,1206,173,161,430,442,Nov,2015,334,872
2015-11-11,1106,195,169,361,381,Nov,2015,364,742
2015-11-12,797,114,101,295,287,Nov,2015,215,582
2015-11-13,523,90,87,170,176,Nov,2015,177,346
2015-11-14,58,23,15,9,11,Nov,2015,38,20
2015-11-15,0,0,0,0,0,Nov,2015,0,0
2015-11-16,0,0,0,0,0,Nov,2015,0,0
2015-11-17,0,0,0,0,0,Nov,2015,0,0
2015-11-18,0,0,0,0,0,Nov,2015,0,0
2015-11-19,0,0,0,0,0,Nov,2015,0,0
2015-11-20,0,0,0,0,0,Nov,2015,0,0
2015-11-21,0,0,0,0,0,Nov,2015,0,0
2015-11-22,0,0,0,0,0,Nov,2015,0,0
2015-11-23,0,0,0,0,0,Nov,2015,0,0
2015-11-24,0,0,0,0,0,Nov,2015,0,0
2015-11-25,0,0,0,0,0,Nov,2015,0,0
2015-11-26,0,0,0,0,0,Nov,2015,0,0
2015-11-27,0,0,0,0,0,Nov,2015,0,0
2015-11-28,0,0,0,0,0,Nov,2015,0,0
2015-11-29,0,0,0,0,0,Nov,2015,0,0
2015-11-30,0,0,0,0,0,Nov,2015,0,0
2015-12-01,0,0,0,0,0,Dec,2015,0,0
2015-12-02,0,0,0,0,0,Dec,2015,0,0
2015-12-03,0,0,0,0,0,Dec,2015,0,0
2015-12-04,2,2,0,0,0,Dec,2015,2,0
2015-12-05,0,0,0,0,0,Dec,2015,0,0
2015-12-06,0,0,0,0,0,Dec,2015,0,0
2015-12-07,266,34,44,44,144,Dec,2015,78,188
2015-12-08,419,36,55,177,151,Dec,2015,91,328
2015-12-09,745,99,126,250,270,Dec,2015,225,520
2015-12-10,500,76,72,167,185,Dec,2015,148,352
2015-12-11,774,115,121,259,279,Dec,2015,236,538
2015-12-12,392,73,115,102,102,Dec,2015,188,204
2015-12-13,510,93,169,122,126,Dec,2015,262,248
2015-12-14,769,77,116,284,292,Dec,2015,193,576
2015-12-15,677,94,106,230,247,Dec,2015,200,477
2015-12-16,725,49,129,265,282,Dec,2015,178,547
2015-12-17,388,55,66,135,132,Dec,2015,121,267
2015-12-18,495,51,104,169,171,Dec,2015,155,340
2015-12-19,752,129,172,225,226,Dec,2015,301,451
2015-12-20,528,127,171,119,111,Dec,2015,298,230
2015-12-21,375,68,85,107,115,Dec,2015,153,222
2015-12-22,587,63,122,200,202,Dec,2015,185,402
2015-12-23,392,54,94,114,130,Dec,2015,148,244
2015-12-24,426,57,143,109,117,Dec,2015,200,226
2015-12-25,371,79,139,76,77,Dec,2015,218,153
2015-12-26,600,93,158,171,178,Dec,2015,251,349
2015-12-27,283,54,103,69,57,Dec,2015,157,126
2015-12-28,552,84,114,166,188,Dec,2015,198,354
2015-12-29,695,95,138,224,238,Dec,2015,233,462
2015-12-30,590,74,113,193,210,Dec,2015,187,403
2015-12-31,595,103,132,174,186,Dec,2015,235,360
2016-01-01,779,132,143,264,240,Jan,2016,275,504
2016-01-02,749,128,148,234,239,Jan,2016,276,473
2016-01-03,641,149,171,158,163,Jan,2016,320,321
2016-01-04,476,48,103,156,169,Jan,2016,151,325
2016-01-05,595,62,133,190,210,Jan,2016,195,400
2016-01-06,928,112,154,339,323,Jan,2016,266,662
2016-01-07,673,69,128,224,252,Jan,2016,197,476
2016-01-08,748,77,126,263,282,Jan,2016,203,545
2016-01-09,1050,86,210,360,394,Jan,2016,296,754
2016-01-10,1194,208,232,377,377,Jan,2016,440,754
2016-01-11,512,44,87,185,196,Jan,2016,131,381
2016-01-12,568,91,96,188,193,Jan,2016,187,381
2016-01-13,531,71,93,162,205,Jan,2016,164,367
2016-01-14,885,128,138,308,311,Jan,2016,266,619
2016-01-15,541,98,90,167,186,Jan,2016,188,353
2016-01-16,646,137,178,160,171,Jan,2016,315,331
2016-01-17,470,121,152,95,102,Jan,2016,273,197
2016-01-18,989,141,179,344,325,Jan,2016,320,669
2016-01-19,604,84,101,207,212,Jan,2016,185,419
2016-01-20,780,55,140,276,309,Jan,2016,195,585
2016-01-21,343,47,69,111,116,Jan,2016,116,227
2016-01-22,722,96,121,247,258,Jan,2016,217,505
2016-01-23,462,95,126,119,122,Jan,2016,221,241
2016-01-24,1264,148,274,421,421,Jan,2016,422,842
2016-01-25,1063,108,143,406,406,Jan,2016,251,812
2016-01-26,524,41,97,193,193,Jan,2016,138,386
2016-01-27,673,90,111,227,245,Jan,2016,201,472
2016-01-28,597,97,108,182,210,Jan,2016,205,392
2016-01-29,653,119,135,187,212,Jan,2016,254,399
2016-01-30,1220,217,261,371,371,Jan,2016,478,742
2016-01-31,909,131,208,275,295,Jan,2016,339,570
2016-02-01,859,112,127,299,321,Feb,2016,239,620
2016-02-02,1125,144,158,392,431,Feb,2016,302,823
2016-02-03,614,78,105,210,221,Feb,2016,183,431
2016-02-04,763,134,135,236,258,Feb,2016,269,494
2016-02-05,760,100,142,259,259,Feb,2016,242,518
2016-02-06,1160,122,214,417,407,Feb,2016,336,824
2016-02-07,1359,155,242,471,491,Feb,2016,397,962
2016-02-08,1278,133,193,452,500,Feb,2016,326,952
2016-02-09,1303,174,174,475,480,Feb,2016,348,955
2016-02-10,799,116,147,258,278,Feb,2016,263,536
2016-02-11,661,91,139,212,219,Feb,2016,230,431
2016-02-12,768,132,153,228,255,Feb,2016,285,483
2016-02-13,841,108,185,268,280,Feb,2016,293,548
2016-02-14,673,150,181,164,178,Feb,2016,331,342
2016-02-15,448,104,117,111,116,Feb,2016,221,227
2016-02-16,996,137,201,307,351,Feb,2016,338,658
2016-02-17,927,160,157,288,322,Feb,2016,317,610
2016-02-18,931,189,154,280,308,Feb,2016,343,588
2016-02-19,498,89,116,143,150,Feb,2016,205,293
2016-02-20,1995,174,287,750,784,Feb,2016,461,1534
2016-02-21,772,127,193,222,230,Feb,2016,320,452
2016-02-22,913,159,162,294,298,Feb,2016,321,592
2016-02-23,1291,193,185,421,492,Feb,2016,378,913
2016-02-24,1223,158,172,427,466,Feb,2016,330,893
2016-02-25,1499,162,190,566,581,Feb,2016,352,1147
2016-02-26,937,110,154,344,329,Feb,2016,264,673
2016-02-27,1764,322,291,549,602,Feb,2016,613,1151
2016-02-28,653,170,184,145,154,Feb,2016,354,299
2016-02-29,1037,131,159,364,383,Feb,2016,290,747
2016-03-01,603,118,134,170,181,Mar,2016,252,351
2016-03-02,964,133,159,304,368,Mar,2016,292,672
2016-03-03,875,144,154,262,315,Mar,2016,298,577
2016-03-04,805,105,144,265,291,Mar,2016,249,556
2016-03-05,2225,240,305,805,875,Mar,2016,545,1680
2016-03-06,721,148,183,186,204,Mar,2016,331,390
2016-03-07,719,107,153,221,238,Mar,2016,260,459
2016-03-08,1066,148,164,379,375,Mar,2016,312,754
2016-03-09,581,65,102,198,216,Mar,2016,167,414
2016-03-10,655,120,140,185,210,Mar,2016,260,395
2016-03-11,938,169,172,306,291,Mar,2016,341,597
2016-03-12,1075,216,233,293,333,Mar,2016,449,626
2016-03-13,485,120,138,112,115,Mar,2016,258,227
2016-03-14,660,107,140,188,225,Mar,2016,247,413
2016-03-15,887,130,182,277,298,Mar,2016,312,575
2016-03-16,1241,135,181,443,482,Mar,2016,316,925
2016-03-17,1344,129,170,509,536,Mar,2016,299,1045
2016-03-18,1433,171,179,523,560,Mar,2016,350,1083
2016-03-19,2221,236,258,831,896,Mar,2016,494,1727
2016-03-20,903,207,200,252,244,Mar,2016,407,496
2016-03-21,711,141,140,204,226,Mar,2016,281,430
2016-03-22,1172,167,216,386,403,Mar,2016,383,789
2016-03-23,877,91,155,306,325,Mar,2016,246,631
2016-03-24,1073,126,175,372,400,Mar,2016,301,772
2016-03-25,1288,172,179,439,498,Mar,2016,351,937
2016-03-26,2707,218,255,1109,1125,Mar,2016,473,2234
2016-03-27,486,82,123,123,158,Mar,2016,205,281
2016-03-28,1203,148,200,401,454,Mar,2016,348,855
2016-03-29,1707,146,226,654,681,Mar,2016,372,1335
2016-03-30,1939,201,212,754,772,Mar,2016,413,1526
2016-03-31,2008,241,185,791,791,Mar,2016,426,1582
2016-04-01,2162,146,218,859,939,Apr,2016,364,1798
2016-04-02,2608,273,268,980,1087,Apr,2016,541,2067
2016-04-03,3065,241,281,1204,1339,Apr,2016,522,2543
2016-04-04,925,95,130,338,362,Apr,2016,225,700
2016-04-05,1313,201,178,465,469,Apr,2016,379,934
2016-04-06,1924,181,223,750,770,Apr,2016,404,1520
2016-04-07,2403,198,220,967,1018,Apr,2016,418,1985
2016-04-08,1913,197,207,756,753,Apr,2016,404,1509
2016-04-09,3020,236,290,1194,1300,Apr,2016,526,2494
2016-04-10,2296,254,242,886,914,Apr,2016,496,1800
2016-04-11,1196,93,162,445,496,Apr,2016,255,941
2016-04-12,869,109,116,344,300,Apr,2016,225,644
2016-04-13,1284,129,173,473,509,Apr,2016,302,982
2016-04-14,1362,103,172,515,572,Apr,2016,275,1087
2016-04-15,1242,109,157,478,498,Apr,2016,266,976
2016-04-16,3148,293,294,1218,1343,Apr,2016,587,2561
2016-04-17,3475,331,292,1422,1430,Apr,2016,623,2852
2016-04-18,2154,164,159,940,891,Apr,2016,323,1831
2016-04-19,2363,193,173,1040,957,Apr,2016,366,1997
2016-04-20,2165,178,173,939,875,Apr,2016,351,1814
2016-04-21,1973,170,186,808,809,Apr,2016,356,1617
2016-04-22,1078,143,156,384,395,Apr,2016,299,779
2016-04-23,2367,243,311,882,931,Apr,2016,554,1813
2016-04-24,679,156,159,182,182,Apr,2016,315,364
2016-04-25,1390,238,220,453,479,Apr,2016,458,932
2016-04-26,1797,206,206,651,734,Apr,2016,412,1385
2016-04-27,1570,179,196,588,607,Apr,2016,375,1195
2016-04-28,1718,192,206,606,714,Apr,2016,398,1320
2016-04-29,997,120,163,329,385,Apr,2016,283,714
2016-04-30,3169,315,308,1201,1345,Apr,2016,623,2546
2016-05-01,3573,243,313,1465,1552,May,2016,556,3017
2016-05-02,2528,193,155,1144,1036,May,2016,348,2180
2016-05-03,2111,209,208,828,866,May,2016,417,1694
2016-05-04,1398,166,162,515,555,May,2016,328,1070
2016-05-05,2088,228,196,790,874,May,2016,424,1664
2016-05-06,2260,242,193,887,938,May,2016,435,1825
2016-05-08,1569,224,196,546,603,May,2016,420,1149
2016-05-09,2173,279,252,774,868,May,2016,531,1642
2016-05-10,2420,271,211,926,1012,May,2016,482,1938
2016-05-11,2369,276,243,873,977,May,2016,519,1850
2016-05-12,2425,281,245,908,991,May,2016,526,1899
2016-05-13,2448,224,212,986,1026,May,2016,436,2012
2016-05-14,2111,266,239,767,839,May,2016,505,1606
2016-05-15,1280,247,229,386,418,May,2016,476,804
2016-05-16,1547,238,201,536,572,May,2016,439,1108
2016-05-17,2395,279,236,891,989,May,2016,515,1880
2016-05-18,1835,232,203,696,704,May,2016,435,1400
2016-05-19,1559,329,383,417,430,May,2016,712,847
2016-05-20,2159,268,212,839,840,May,2016,480,1679
2016-05-21,1706,243,180,749,534,May,2016,423,1283
2016-05-22,4043,886,962,1046,1149,May,2016,1848,2195
2016-05-23,1778,252,246,615,665,May,2016,498,1280
2016-05-24,2031,237,208,757,829,May,2016,445,1586
2016-05-25,2020,298,232,725,765,May,2016,530,1490
2016-05-26,1509,196,181,549,583,May,2016,377,1132
2016-05-27,1590,314,356,425,495,May,2016,670,920
2016-05-28,1388,169,194,493,532,May,2016,363,1025
2016-05-29,1190,247,216,363,364,May,2016,463,727
2016-05-31,2579,334,240,945,1060,May,2016,574,2005
2016-06-01,2208,237,233,843,895,Jun,2016,470,1738
2016-06-02,1673,256,229,569,619,Jun,2016,485,1188
2016-06-03,2464,365,320,854,925,Jun,2016,685,1779
2016-06-04,3563,383,307,1407,1466,Jun,2016,690,2873
2016-06-05,3319,353,325,1259,1382,Jun,2016,678,2641
2016-06-06,2321,262,212,896,951,Jun,2016,474,1847
2016-06-07,2442,299,242,909,992,Jun,2016,541,1901
2016-06-08,2783,498,749,734,802,Jun,2016,1247,1536
2016-06-09,1772,293,258,567,654,Jun,2016,551,1221
2016-06-10,3120,1029,878,591,622,Jun,2016,1907,1213
2016-06-11,3002,795,658,720,829,Jun,2016,1453,1549
2016-06-12,3922,268,280,1629,1745,Jun,2016,548,3374
2016-06-13,2205,619,406,563,617,Jun,2016,1025,1180
2016-06-14,2916,1210,902,366,438,Jun,2016,2112,804
2016-06-15,2477,495,453,752,777,Jun,2016,948,1529
2016-06-16,2292,502,446,648,696,Jun,2016,948,1344
2016-06-17,1768,223,186,675,684,Jun,2016,409,1359
2016-06-18,1233,219,194,389,431,Jun,2016,413,820
2016-06-19,3866,314,279,1588,1685,Jun,2016,593,3273
2016-06-20,2095,232,188,804,871,Jun,2016,420,1675
2016-06-21,2143,268,257,779,839,Jun,2016,525,1618
2016-06-22,2389,242,226,938,983,Jun,2016,468,1921
2016-06-23,1704,575,474,306,349,Jun,2016,1049,655
2016-06-24,1479,262,266,446,505,Jun,2016,528,951
2016-06-25,3250,335,256,1273,1386,Jun,2016,591,2659
2016-06-26,3457,342,282,1367,1466,Jun,2016,624,2833
2016-06-27,2455,312,249,926,968,Jun,2016,561,1894
2016-06-28,2823,413,380,983,1047,Jun,2016,793,2030
2016-06-29,2294,281,245,855,913,Jun,2016,526,1768
2016-06-30,2131,269,232,792,838,Jun,2016,501,1630
2016-07-01,2407,362,275,866,904,Jul,2016,637,1770
2016-07-02,3207,295,245,1324,1343,Jul,2016,540,2667
2016-07-03,2436,224,217,954,1041,Jul,2016,441,1995
2016-07-04,2363,247,228,921,967,Jul,2016,475,1888
2016-07-05,1568,222,208,556,582,Jul,2016,430,1138
2016-07-06,2759,248,260,1103,1148,Jul,2016,508,2251
2016-07-07,1519,237,245,503,534,Jul,2016,482,1037
2016-07-08,2278,421,527,630,700,Jul,2016,948,1330
2016-07-09,2874,418,344,991,1121,Jul,2016,762,2112
2016-07-10,3171,320,268,1221,1362,Jul,2016,588,2583
2016-07-11,2135,213,262,809,851,Jul,2016,475,1660
2016-07-12,2185,275,298,762,850,Jul,2016,573,1612
2016-07-13,2252,144,231,912,965,Jul,2016,375,1877
2016-07-15,2014,255,225,759,775,Jul,2016,480,1534
2016-07-16,2484,184,291,969,1040,Jul,2016,475,2009
2016-07-17,2799,265,256,1102,1176,Jul,2016,521,2278
2016-07-18,1620,203,190,592,635,Jul,2016,393,1227
2016-07-19,2095,268,255,736,836,Jul,2016,523,1572
2016-07-20,2412,353,269,861,929,Jul,2016,622,1790
2016-07-21,2262,198,251,884,929,Jul,2016,449,1813
2016-07-22,889,96,147,308,338,Jul,2016,243,646
2016-07-23,2712,203,266,1101,1142,Jul,2016,469,2243
2016-07-24,3217,221,269,1339,1388,Jul,2016,490,2727
2016-07-25,2266,190,273,877,926,Jul,2016,463,1803
2016-07-26,2243,177,239,902,925,Jul,2016,416,1827
2016-07-27,2315,279,242,868,926,Jul,2016,521,1794
2016-07-28,2135,223,218,825,869,Jul,2016,441,1694
2016-07-29,2035,211,192,798,834,Jul,2016,403,1632
2016-07-30,2869,298,283,1087,1201,Jul,2016,581,2288
2016-07-31,2915,372,361,1074,1108,Jul,2016,733,2182
2016-08-01,2055,154,236,792,873,Aug,2016,390,1665
2016-08-02,1414,203,215,468,528,Aug,2016,418,996
2016-08-03,2355,256,284,867,948,Aug,2016,540,1815
2016-08-04,2232,181,233,908,910,Aug,2016,414,1818
2016-08-05,2134,228,241,788,877,Aug,2016,469,1665
2016-08-06,2689,206,259,1061,1163,Aug,2016,465,2224
2016-08-07,1943,175,228,752,788,Aug,2016,403,1540
2016-08-08,1488,126,213,567,582,Aug,2016,339,1149
2016-08-09,1745,193,221,636,695,Aug,2016,414,1331
2016-08-10,2159,170,260,829,900,Aug,2016,430,1729
2016-08-11,2133,248,243,784,858,Aug,2016,491,1642
2016-08-12,3024,220,194,794,1816,Aug,2016,414,2610
2016-08-13,3501,217,236,1061,1987,Aug,2016,453,3048
2016-08-14,2628,239,267,1062,1060,Aug,2016,506,2122
2016-08-15,2169,247,306,798,818,Aug,2016,553,1616
2016-08-16,2231,279,217,820,915,Aug,2016,496,1735
2016-08-17,2239,259,230,870,880,Aug,2016,489,1750
2016-08-20,2526,385,355,823,963,Aug,2016,740,1786
2016-08-21,2320,311,266,895,848,Aug,2016,577,1743
2016-08-22,1929,256,256,703,714,Aug,2016,512,1417
2016-08-23,2319,295,347,812,865,Aug,2016,642,1677
2016-08-24,2063,215,192,801,855,Aug,2016,407,1656
2016-08-25,1946,195,176,737,838,Aug,2016,371,1575
2016-08-26,1734,143,168,707,716,Aug,2016,311,1423
2016-08-27,2183,238,250,795,900,Aug,2016,488,1695
2016-08-28,2395,283,245,896,971,Aug,2016,528,1867
2016-08-29,2040,231,204,776,829,Aug,2016,435,1605
2016-08-30,1813,207,194,678,734,Aug,2016,401,1412
2016-08-31,1440,212,198,501,529,Aug,2016,410,1030
2016-09-01,1267,178,174,459,456,Sep,2016,352,915
2016-09-02,696,135,121,214,226,Sep,2016,256,440
2016-09-03,1634,269,241,547,577,Sep,2016,510,1124
2016-09-04,2491,314,274,947,956,Sep,2016,588,1903
2016-09-05,2193,225,187,856,925,Sep,2016,412,1781
2016-09-06,1214,204,166,412,432,Sep,2016,370,844
2016-09-07,1127,171,156,375,425,Sep,2016,327,800
2016-09-08,1522,202,172,542,606,Sep,2016,374,1148
2016-09-09,1836,208,181,698,749,Sep,2016,389,1447
2016-09-10,2616,297,256,1024,1039,Sep,2016,553,2063
2016-09-11,2000,276,239,724,761,Sep,2016,515,1485
2016-09-12,1759,197,206,655,701,Sep,2016,403,1356
2016-09-13,1905,252,193,704,756,Sep,2016,445,1460
2016-09-14,1866,284,184,678,720,Sep,2016,468,1398
2016-09-15,1642,208,197,606,631,Sep,2016,405,1237
2016-09-16,1627,199,165,637,626,Sep,2016,364,1263
2016-09-17,849,203,182,225,239,Sep,2016,385,464
2016-09-18,1953,307,272,684,690,Sep,2016,579,1374
2016-09-19,1050,183,181,324,362,Sep,2016,364,686
2016-09-20,1646,226,189,593,638,Sep,2016,415,1231
2016-09-21,1574,197,191,593,593,Sep,2016,388,1186
2016-09-22,1631,203,186,620,622,Sep,2016,389,1242
2016-09-23,894,152,144,286,312,Sep,2016,296,598
2016-09-24,1844,309,268,626,641,Sep,2016,577,1267
2016-09-25,2297,426,304,773,794,Sep,2016,730,1567
2016-09-26,1821,222,214,681,704,Sep,2016,436,1385
2016-09-27,1461,179,190,531,561,Sep,2016,369,1092
2016-09-28,1491,169,154,570,598,Sep,2016,323,1168
2016-09-29,1471,169,154,565,583,Sep,2016,323,1148
2016-09-30,1532,175,168,594,595,Sep,2016,343,1189
2016-10-01,1002,205,180,296,321,Oct,2016,385,617
2016-10-02,1899,287,266,664,682,Oct,2016,553,1346
2016-10-03,1436,172,160,543,561,Oct,2016,332,1104
2016-10-04,926,149,150,315,312,Oct,2016,299,627
2016-10-05,1249,181,170,427,471,Oct,2016,351,898
2016-10-06,1124,165,158,399,402,Oct,2016,323,801
2016-10-07,922,155,141,300,326,Oct,2016,296,626
2016-10-08,671,180,178,146,167,Oct,2016,358,313
2016-10-09,1171,241,245,331,354,Oct,2016,486,685
2016-10-10,1296,180,167,471,478,Oct,2016,347,949
2016-10-11,1585,189,177,595,624,Oct,2016,366,1219
2016-10-12,1462,180,163,531,588,Oct,2016,343,1119
2016-10-13,368,65,65,115,123,Oct,2016,130,238
2016-10-14,420,143,125,80,72,Oct,2016,268,152
2016-10-15,419,147,157,60,55,Oct,2016,304,115
2016-10-16,701,225,219,127,130,Oct,2016,444,257
2016-10-17,910,170,152,286,302,Oct,2016,322,588
2016-10-18,1056,193,185,328,350,Oct,2016,378,678
2016-10-19,1168,157,140,401,470,Oct,2016,297,871
2016-10-20,562,108,94,167,193,Oct,2016,202,360
2016-10-21,1052,172,159,356,365,Oct,2016,331,721
2016-10-22,1830,283,271,622,654,Oct,2016,554,1276
2016-10-23,1162,222,198,370,372,Oct,2016,420,742
2016-10-24,909,136,120,318,335,Oct,2016,256,653
2016-10-25,1154,180,173,374,427,Oct,2016,353,801
2016-10-26,497,65,69,181,182,Oct,2016,134,363
2016-10-27,905,166,175,276,288,Oct,2016,341,564
2016-10-28,1331,185,172,457,517,Oct,2016,357,974
2016-10-29,712,188,190,170,164,Oct,2016,378,334
2016-10-30,1051,206,191,339,315,Oct,2016,397,654
2016-10-31,703,135,143,225,200,Oct,2016,278,425
2016-11-01,793,130,127,254,282,Nov,2016,257,536
2016-11-02,803,145,151,245,262,Nov,2016,296,507
2016-11-03,1380,204,187,463,526,Nov,2016,391,989
2016-11-04,1558,184,205,562,607,Nov,2016,389,1169
2016-11-05,431,120,144,90,77,Nov,2016,264,167
2016-11-06,1538,290,264,490,494,Nov,2016,554,984
2016-11-07,1059,135,129,396,399,Nov,2016,264,795
2016-11-08,1526,213,174,546,593,Nov,2016,387,1139
2016-11-09,794,121,96,282,295,Nov,2016,217,577
2016-11-10,1242,169,152,447,474,Nov,2016,321,921
2016-11-11,1253,216,199,398,440,Nov,2016,415,838
2016-11-12,979,200,352,218,209,Nov,2016,552,427
2016-11-13,582,148,180,122,132,Nov,2016,328,254
2016-11-14,934,101,170,326,337,Nov,2016,271,663
2016-11-15,728,83,127,247,271,Nov,2016,210,518
2016-11-16,864,83,136,314,331,Nov,2016,219,645
2016-11-17,912,106,150,316,340,Nov,2016,256,656
2016-11-18,907,91,144,326,346,Nov,2016,235,672
2016-11-19,727,203,189,174,161,Nov,2016,392,335
2016-11-20,570,179,174,106,111,Nov,2016,353,217
2016-11-21,1065,153,132,387,393,Nov,2016,285,780
2016-11-22,698,123,120,225,230,Nov,2016,243,455
2016-11-23,715,137,117,228,233,Nov,2016,254,461
2016-11-24,648,277,261,59,51,Nov,2016,538,110
2016-11-25,969,175,152,326,316,Nov,2016,327,642
2016-11-26,453,141,133,97,82,Nov,2016,274,179
2016-11-27,677,176,168,162,171,Nov,2016,344,333
2016-11-28,900,127,135,317,321,Nov,2016,262,638
2016-11-29,993,165,135,339,354,Nov,2016,300,693
2016-11-30,652,103,100,217,232,Nov,2016,203,449
2016-12-01,855,131,119,291,314,Dec,2016,250,605
2016-12-02,478,93,91,143,151,Dec,2016,184,294
2016-12-03,842,173,163,253,253,Dec,2016,336,506
2016-12-04,937,219,194,243,281,Dec,2016,413,524
2016-12-05,387,81,82,111,113,Dec,2016,163,224
2016-12-06,593,124,111,171,187,Dec,2016,235,358
2016-12-07,513,90,91,159,173,Dec,2016,181,332
2016-12-08,428,96,90,116,126,Dec,2016,186,242
2016-12-09,171,52,51,33,35,Dec,2016,103,68
2016-12-10,473,143,128,95,107,Dec,2016,271,202
2016-12-11,500,161,149,97,93,Dec,2016,310,190
2016-12-12,555,99,103,175,178,Dec,2016,202,353
2016-12-13,609,105,100,206,198,Dec,2016,205,404
2016-12-14,547,101,90,171,185,Dec,2016,191,356
2016-12-15,522,118,110,144,150,Dec,2016,228,294
2016-12-16,506,110,108,139,149,Dec,2016,218,288
2016-12-17,453,121,133,99,100,Dec,2016,254,199
2016-12-18,541,150,153,120,118,Dec,2016,303,238
2016-12-19,467,93,87,145,142,Dec,2016,180,287
2016-12-20,692,125,132,213,222,Dec,2016,257,435
2016-12-21,751,114,109,256,272,Dec,2016,223,528
2016-12-22,483,102,93,151,137,Dec,2016,195,288
2016-12-23,257,58,67,68,64,Dec,2016,125,132
2016-12-24,603,159,159,128,157,Dec,2016,318,285
2016-12-25,442,122,135,82,103,Dec,2016,257,185
2016-12-26,510,122,120,127,141,Dec,2016,242,268
2016-12-27,567,126,125,154,162,Dec,2016,251,316
2016-12-28,769,123,124,255,267,Dec,2016,247,522
2016-12-29,503,108,98,140,157,Dec,2016,206,297
2016-12-30,768,158,136,228,246,Dec,2016,294,474
2016-12-31,598,164,176,138,120,Dec,2016,340,258
2017-01-01,505,148,149,104,104,Jan,2017,297,208
2017-01-02,677,167,168,168,174,Jan,2017,335,342
2017-01-03,503,102,106,149,146,Jan,2017,208,295
2017-01-04,584,120,121,174,169,Jan,2017,241,343
2017-01-05,579,130,120,157,172,Jan,2017,250,329
2017-01-06,516,115,99,137,165,Jan,2017,214,302
2017-01-07,723,180,191,176,176,Jan,2017,371,352
2017-01-08,429,137,140,78,74,Jan,2017,277,152
2017-01-09,618,116,120,195,187,Jan,2017,236,382
2017-01-10,500,110,102,140,148,Jan,2017,212,288
2017-01-11,582,112,115,177,178,Jan,2017,227,355
2017-01-12,596,128,118,168,182,Jan,2017,246,350
2017-01-13,526,115,97,151,163,Jan,2017,212,314
2017-01-14,885,182,195,257,251,Jan,2017,377,508
2017-01-15,966,186,175,322,283,Jan,2017,361,605
2017-01-16,738,144,134,244,216,Jan,2017,278,460
2017-01-17,490,96,89,150,155,Jan,2017,185,305
2017-01-18,396,80,70,114,132,Jan,2017,150,246
2017-01-19,561,106,96,177,182,Jan,2017,202,359
2017-01-20,805,137,131,261,276,Jan,2017,268,537
2017-01-21,929,195,178,285,271,Jan,2017,373,556
2017-01-22,625,176,152,150,147,Jan,2017,328,297
2017-01-23,835,123,120,307,285,Jan,2017,243,592
2017-01-24,783,110,118,269,286,Jan,2017,228,555
2017-01-25,673,104,100,236,233,Jan,2017,204,469
2017-01-26,779,132,129,253,265,Jan,2017,261,518
2017-01-27,1014,187,185,319,323,Jan,2017,372,642
2017-01-28,1480,215,210,543,512,Jan,2017,425,1055
2017-01-29,961,208,183,277,293,Jan,2017,391,570
2017-01-30,770,101,107,273,289,Jan,2017,208,562
2017-01-31,919,147,144,314,314,Jan,2017,291,628
2017-02-01,792,117,107,282,286,Feb,2017,224,568
2017-02-02,816,144,133,277,262,Feb,2017,277,539
2017-02-03,321,81,75,77,88,Feb,2017,156,165
2017-02-04,493,144,135,105,109,Feb,2017,279,214
2017-02-05,555,169,168,110,108,Feb,2017,337,218
2017-02-06,207,78,78,25,26,Feb,2017,156,51
2017-02-07,420,119,107,82,112,Feb,2017,226,194
2017-02-08,385,78,87,108,112,Feb,2017,165,220
2017-02-09,390,78,82,107,123,Feb,2017,160,230
2017-02-10,536,101,97,158,180,Feb,2017,198,338
2017-02-11,1243,265,253,361,364,Feb,2017,518,725
2017-02-12,1547,240,255,527,525,Feb,2017,495,1052
2017-02-13,1116,156,153,401,406,Feb,2017,309,807
2017-02-14,924,114,121,342,347,Feb,2017,235,689
2017-02-15,399,70,58,135,136,Feb,2017,128,271
2017-02-16,807,163,157,226,261,Feb,2017,320,487
2017-02-17,1205,184,163,424,434,Feb,2017,347,858
2017-02-18,576,123,130,165,158,Feb,2017,253,323
2017-02-19,658,130,125,186,217,Feb,2017,255,403
2017-02-20,369,92,90,97,90,Feb,2017,182,187
2017-02-21,673,106,111,216,240,Feb,2017,217,456
2017-02-22,748,132,130,234,252,Feb,2017,262,486
2017-02-23,686,116,110,223,237,Feb,2017,226,460
2017-02-24,762,132,125,243,262,Feb,2017,257,505
2017-02-25,1361,249,236,429,447,Feb,2017,485,876
2017-02-26,494,161,156,82,95,Feb,2017,317,177
2017-02-27,283,67,69,69,78,Feb,2017,136,147
2017-02-28,676,133,131,200,212,Feb,2017,264,412
2017-03-01,930,173,170,281,306,Mar,2017,343,587
2017-03-02,697,111,111,229,246,Mar,2017,222,475
2017-03-03,458,88,84,143,143,Mar,2017,172,286
2017-03-04,1397,227,231,458,481,Mar,2017,458,939
2017-03-05,793,195,198,212,188,Mar,2017,393,400
2017-03-06,709,121,130,221,237,Mar,2017,251,458
2017-03-07,416,79,81,124,132,Mar,2017,160,256
2017-03-08,713,107,119,232,255,Mar,2017,226,487
2017-03-09,490,96,89,143,162,Mar,2017,185,305
2017-03-10,847,148,155,262,282,Mar,2017,303,544
2017-03-11,716,165,157,226,168,Mar,2017,322,394
2017-03-12,1073,223,244,285,321,Mar,2017,467,606
2017-03-13,505,95,96,150,164,Mar,2017,191,314
2017-03-14,602,111,104,190,197,Mar,2017,215,387
2017-03-15,585,122,128,147,188,Mar,2017,250,335
2017-03-16,1187,175,175,393,444,Mar,2017,350,837
2017-03-17,546,103,89,176,178,Mar,2017,192,354
2017-03-18,645,174,160,145,166,Mar,2017,334,311
2017-03-19,2617,340,316,957,1004,Mar,2017,656,1961
2017-03-20,1069,139,142,378,410,Mar,2017,281,788
2017-03-21,748,155,145,216,232,Mar,2017,300,448
2017-03-22,961,149,138,327,347,Mar,2017,287,674
2017-03-23,1179,151,148,439,441,Mar,2017,299,880
2017-03-24,537,100,102,158,177,Mar,2017,202,335
2017-03-25,1984,317,257,695,715,Mar,2017,574,1410
2017-03-26,645,158,148,172,167,Mar,2017,306,339
2017-03-27,929,158,151,294,326,Mar,2017,309,620
2017-03-28,765,129,128,249,259,Mar,2017,257,508
2017-03-29,827,165,152,232,278,Mar,2017,317,510
2017-03-30,1112,155,158,398,401,Mar,2017,313,799
2017-03-31,1728,200,187,636,705,Mar,2017,387,1341
2017-04-01,1225,217,210,380,418,Apr,2017,427,798
2017-04-02,1797,287,235,634,641,Apr,2017,522,1275
2017-04-03,1519,207,187,548,577,Apr,2017,394,1125
2017-04-04,1326,156,171,497,502,Apr,2017,327,999
2017-04-05,661,114,110,215,222,Apr,2017,224,437
2017-04-06,948,188,164,276,320,Apr,2017,352,596
2017-04-07,911,303,281,166,161,Apr,2017,584,327
2017-04-08,1496,396,251,400,449,Apr,2017,647,849
2017-04-09,2733,306,293,1032,1102,Apr,2017,599,2134
2017-04-10,869,193,147,255,274,Apr,2017,340,529
2017-04-11,1666,211,190,621,644,Apr,2017,401,1265
2017-04-12,640,133,133,171,203,Apr,2017,266,374
2017-04-13,1252,369,259,314,310,Apr,2017,628,624
2017-04-14,1551,575,305,339,332,Apr,2017,880,671
2017-04-15,2365,287,254,880,944,Apr,2017,541,1824
2017-04-16,2339,239,211,948,941,Apr,2017,450,1889
2017-04-17,930,143,121,338,328,Apr,2017,264,666
2017-04-18,1499,648,206,360,285,Apr,2017,854,645
2017-04-19,954,168,149,318,319,Apr,2017,317,637
2017-04-20,1318,297,249,367,405,Apr,2017,546,772
2017-04-21,2321,224,195,967,935,Apr,2017,419,1902
2017-04-22,1663,399,285,428,551,Apr,2017,684,979
2017-04-23,1140,215,188,362,375,Apr,2017,403,737
2017-04-24,1302,214,197,442,449,Apr,2017,411,891
2017-04-25,1084,132,103,487,362,Apr,2017,235,849
2017-04-26,966,208,168,282,308,Apr,2017,376,590
2017-04-27,1194,208,197,372,417,Apr,2017,405,789
2017-04-28,1737,215,203,639,680,Apr,2017,418,1319
2017-04-29,1931,261,247,697,726,Apr,2017,508,1423
2017-04-30,1506,288,231,492,495,Apr,2017,519,987
2017-05-01,1119,153,135,391,440,May,2017,288,831
2017-05-02,1499,216,207,509,567,May,2017,423,1076
2017-05-03,2212,269,231,853,859,May,2017,500,1712
2017-05-04,1653,209,181,647,616,May,2017,390,1263
2017-05-05,1116,186,175,363,392,May,2017,361,755
2017-05-06,2755,347,325,1021,1062,May,2017,672,2083
2017-05-07,3176,321,316,1266,1273,May,2017,637,2539
2017-05-08,1810,216,205,675,714,May,2017,421,1389
2017-05-09,2390,243,208,937,1002,May,2017,451,1939
2017-05-10,2384,242,224,943,975,May,2017,466,1918
2017-05-11,864,136,127,293,308,May,2017,263,601
2017-05-12,1127,164,158,416,389,May,2017,322,805
2017-05-13,1934,268,256,684,726,May,2017,524,1410
2017-05-14,1423,266,231,448,478,May,2017,497,926
2017-05-15,954,141,139,340,334,May,2017,280,674
2017-05-16,820,145,143,247,285,May,2017,288,532
2017-05-17,1740,229,213,620,678,May,2017,442,1298
2017-05-18,2000,242,212,771,775,May,2017,454,1546
2017-05-19,2498,272,240,1005,981,May,2017,512,1986
2017-05-20,3640,382,340,1456,1462,May,2017,722,2918
2017-05-21,3769,383,346,1528,1512,May,2017,729,3040
2017-05-22,2291,232,202,904,953,May,2017,434,1857
2017-05-23,2385,252,220,956,957,May,2017,472,1913
2017-05-24,1800,213,213,672,702,May,2017,426,1374
2017-05-25,2215,222,218,861,914,May,2017,440,1775
2017-05-26,2353,222,218,909,1004,May,2017,440,1913
2017-05-27,3024,256,222,1227,1319,May,2017,478,2546
2017-05-28,3016,276,210,1237,1293,May,2017,486,2530
2017-05-29,3281,297,277,1397,1310,May,2017,574,2707
2017-05-30,1193,166,169,407,451,May,2017,335,858
2017-05-31,2011,240,243,740,788,May,2017,483,1528
2017-06-01,1521,221,213,509,578,Jun,2017,434,1087
2017-06-02,2028,253,230,756,789,Jun,2017,483,1545
2017-06-03,2806,316,277,1027,1186,Jun,2017,593,2213
2017-06-04,2850,317,298,1100,1135,Jun,2017,615,2235
2017-06-05,2271,278,223,855,915,Jun,2017,501,1770
2017-06-06,2378,267,245,895,971,Jun,2017,512,1866
2017-06-07,2300,232,218,925,925,Jun,2017,450,1850
2017-06-08,907,155,143,297,312,Jun,2017,298,609
2017-06-09,1390,175,161,519,535,Jun,2017,336,1054
2017-06-10,2891,300,283,1134,1174,Jun,2017,583,2308
2017-06-11,3283,316,294,1308,1365,Jun,2017,610,2673
2017-06-12,1620,228,191,570,631,Jun,2017,419,1201
2017-06-13,1222,182,203,405,432,Jun,2017,385,837
2017-06-14,2086,271,242,783,790,Jun,2017,513,1573
2017-06-15,718,110,91,248,269,Jun,2017,201,517
2017-06-16,1593,243,189,554,607,Jun,2017,432,1161
2017-06-17,2764,295,242,1042,1185,Jun,2017,537,2227
2017-06-18,2214,262,223,828,901,Jun,2017,485,1729
2017-06-19,2036,255,205,772,804,Jun,2017,460,1576
2017-06-20,1522,243,231,514,534,Jun,2017,474,1048
2017-06-21,2152,241,215,822,874,Jun,2017,456,1696
2017-06-22,2294,272,215,879,928,Jun,2017,487,1807
2017-06-23,2285,245,195,918,927,Jun,2017,440,1845
2017-06-24,3362,297,277,1367,1421,Jun,2017,574,2788
2017-06-25,2845,214,142,1215,1274,Jun,2017,356,2489
2017-06-26,2004,230,189,782,803,Jun,2017,419,1585
2017-06-27,2246,266,244,856,880,Jun,2017,510,1736
2017-06-28,2272,304,245,846,877,Jun,2017,549,1723
2017-06-29,2305,272,229,874,930,Jun,2017,501,1804
2017-06-30,2234,233,170,899,932,Jun,2017,403,1831
2017-07-01,3348,355,297,1296,1400,Jul,2017,652,2696
2017-07-02,3143,306,257,1260,1320,Jul,2017,563,2580
2017-07-03,2551,312,224,978,1037,Jul,2017,536,2015
2017-07-04,3576,360,309,1444,1463,Jul,2017,669,2907
2017-07-05,2120,230,200,830,860,Jul,2017,430,1690
2017-07-06,2386,263,212,922,989,Jul,2017,475,1911
2017-07-07,2359,256,227,929,947,Jul,2017,483,1876
2017-07-08,3652,344,292,1499,1517,Jul,2017,636,3016
2017-07-09,3363,329,282,1303,1449,Jul,2017,611,2752
2017-07-10,2152,275,239,805,833,Jul,2017,514,1638
2017-07-11,2339,267,260,871,941,Jul,2017,527,1812
2017-07-12,2417,299,244,910,964,Jul,2017,543,1874
2017-07-13,2122,286,219,767,850,Jul,2017,505,1617
2017-07-14,2160,272,198,809,881,Jul,2017,470,1690
2017-07-15,3327,436,271,1331,1289,Jul,2017,707,2620
2017-07-16,2893,323,273,1143,1154,Jul,2017,596,2297
2017-07-17,2307,388,211,827,881,Jul,2017,599,1708
2017-07-18,2438,315,258,895,970,Jul,2017,573,1865
2017-07-19,2253,279,238,863,873,Jul,2017,517,1736
2017-07-20,1866,237,216,664,749,Jul,2017,453,1413
2017-07-21,1936,243,206,720,767,Jul,2017,449,1487
2017-07-22,2934,306,253,1146,1229,Jul,2017,559,2375
2017-07-23,2803,329,264,1073,1137,Jul,2017,593,2210
2017-07-24,2231,286,225,840,880,Jul,2017,511,1720
2017-07-25,2275,241,195,888,951,Jul,2017,436,1839
2017-07-26,2309,233,220,909,947,Jul,2017,453,1856
2017-07-27,1735,190,181,664,700,Jul,2017,371,1364
2017-07-28,2151,279,247,816,809,Jul,2017,526,1625
2017-07-29,3115,311,288,1236,1280,Jul,2017,599,2516
2017-07-30,2878,300,238,1143,1197,Jul,2017,538,2340
2017-07-31,2212,253,228,838,893,Jul,2017,481,1731
2017-08-01,2199,248,210,822,919,Aug,2017,458,1741
2017-08-02,1877,189,144,749,795,Aug,2017,333,1544
2017-08-03,1528,175,117,603,633,Aug,2017,292,1236
2017-08-04,1470,122,103,636,609,Aug,2017,225,1245
2017-08-05,2403,263,230,943,967,Aug,2017,493,1910
2017-08-06,2761,267,236,1114,1144,Aug,2017,503,2258
2017-08-07,1891,230,192,724,745,Aug,2017,422,1469
2017-08-08,2012,219,181,775,837,Aug,2017,400,1612
2017-08-09,1880,210,147,740,783,Aug,2017,357,1523
2017-08-10,1824,225,199,668,732,Aug,2017,424,1400
2017-08-11,1734,190,173,668,703,Aug,2017,363,1371
2017-08-12,2722,324,306,971,1121,Aug,2017,630,2092
2017-08-13,1826,283,277,605,661,Aug,2017,560,1266
2017-08-14,1879,223,213,715,728,Aug,2017,436,1443
2017-08-15,2164,253,211,847,853,Aug,2017,464,1700
2017-08-16,2062,213,205,819,825,Aug,2017,418,1644
2017-08-17,1833,234,203,671,725,Aug,2017,437,1396
2017-08-18,3491,188,255,831,2217,Aug,2017,443,3048
2017-08-19,2310,275,206,883,946,Aug,2017,481,1829
2017-08-20,2237,292,221,846,878,Aug,2017,513,1724
2017-08-21,1649,258,180,589,622,Aug,2017,438,1211
2017-08-22,1952,282,167,725,778,Aug,2017,449,1503
2017-08-23,1923,221,233,714,755,Aug,2017,454,1469
2017-08-24,1669,232,192,608,637,Aug,2017,424,1245
2017-08-25,1853,229,165,721,738,Aug,2017,394,1459
2017-08-26,2659,365,244,1007,1043,Aug,2017,609,2050
2017-08-27,2476,291,178,995,1012,Aug,2017,469,2007
2017-08-28,1716,181,118,711,706,Aug,2017,299,1417
2017-08-29,1908,147,122,839,800,Aug,2017,269,1639
2017-08-30,1863,227,195,683,758,Aug,2017,422,1441
2017-08-31,1403,172,158,534,539,Aug,2017,330,1073
2017-09-01,1876,213,147,756,760,Sep,2017,360,1516
2017-09-02,2428,290,185,944,1009,Sep,2017,475,1953
2017-09-03,2210,163,99,983,965,Sep,2017,262,1948
2017-09-04,2551,198,145,1099,1109,Sep,2017,343,2208
2017-09-07,1252,137,113,491,511,Sep,2017,250,1002
2017-09-08,1396,157,146,536,557,Sep,2017,303,1093
2017-09-09,1689,217,207,618,647,Sep,2017,424,1265
2017-09-10,2352,288,254,888,922,Sep,2017,542,1810
2017-09-11,1747,180,132,686,749,Sep,2017,312,1435
2017-09-12,1658,162,113,688,695,Sep,2017,275,1383
2017-09-13,1528,164,147,580,637,Sep,2017,311,1217
2017-09-14,1576,195,138,604,639,Sep,2017,333,1243
2017-09-15,1635,211,123,630,671,Sep,2017,334,1301
2017-09-16,2099,200,161,843,895,Sep,2017,361,1738
2017-09-17,1025,177,166,351,331,Sep,2017,343,682
2017-09-18,903,133,134,308,328,Sep,2017,267,636
2017-09-19,718,112,87,246,273,Sep,2017,199,519
2017-09-20,1104,163,131,370,440,Sep,2017,294,810
2017-09-21,1080,122,97,405,456,Sep,2017,219,861
2017-09-22,1526,184,107,617,618,Sep,2017,291,1235
2017-09-25,1235,304,148,347,436,Sep,2017,452,783
2017-09-26,1655,215,148,619,673,Sep,2017,363,1292
2017-09-27,1801,212,147,688,754,Sep,2017,359,1442
2017-09-28,1905,174,73,925,733,Sep,2017,247,1658
2017-09-29,807,71,57,340,339,Sep,2017,128,679
2017-09-30,1238,196,187,392,463,Sep,2017,383,855
2017-10-01,1416,264,233,464,455,Oct,2017,497,919
2017-10-02,1334,172,139,481,542,Oct,2017,311,1023
2017-10-03,1477,165,116,594,602,Oct,2017,281,1196
2017-10-04,1416,162,121,545,588,Oct,2017,283,1133
2017-10-05,1534,185,138,578,633,Oct,2017,323,1211
2017-10-06,1181,145,127,448,461,Oct,2017,272,909
2017-10-07,1010,154,150,330,376,Oct,2017,304,706
2017-10-08,1410,226,201,485,498,Oct,2017,427,983
2017-10-09,1505,153,143,598,611,Oct,2017,296,1209
2017-10-10,932,124,118,336,354,Oct,2017,242,690
2017-10-11,1015,151,145,347,372,Oct,2017,296,719
2017-10-12,731,111,102,253,265,Oct,2017,213,518
2017-10-13,906,139,139,292,336,Oct,2017,278,628
2017-10-14,1333,202,181,498,452,Oct,2017,383,950
2017-10-15,1909,233,184,715,777,Oct,2017,417,1492
2017-10-16,1275,162,133,465,515,Oct,2017,295,980
2017-10-17,772,114,121,249,288,Oct,2017,235,537
2017-10-18,590,94,87,200,209,Oct,2017,181,409
2017-10-19,594,103,84,195,212,Oct,2017,187,407
2017-10-20,766,118,120,253,275,Oct,2017,238,528
2017-10-21,485,126,136,112,111,Oct,2017,262,223
2017-10-22,1379,266,229,433,451,Oct,2017,495,884
2017-10-23,1449,198,159,497,595,Oct,2017,357,1092
2017-10-25,930,132,116,335,347,Oct,2017,248,682
2017-10-26,1230,200,156,424,450,Oct,2017,356,874
2017-10-27,1365,199,151,492,523,Oct,2017,350,1015
2017-10-28,1934,255,227,712,740,Oct,2017,482,1452
2017-11-04,1012,494,194,158,166,Nov,2017,688,324
2017-11-05,396,141,143,50,62,Nov,2017,284,112
2017-11-06,1005,148,135,339,383,Nov,2017,283,722
2017-11-07,973,115,118,355,385,Nov,2017,233,740
2017-11-08,838,141,126,277,294,Nov,2017,267,571
2017-11-09,583,94,86,188,215,Nov,2017,180,403
2017-11-10,926,171,153,296,306,Nov,2017,324,602
2017-11-11,604,149,141,166,148,Nov,2017,290,314
2017-11-12,700,172,159,176,193,Nov,2017,331,369
2017-11-13,521,83,101,168,169,Nov,2017,184,337
2017-11-14,737,191,117,214,215,Nov,2017,308,429
2017-11-15,2383,1833,110,211,229,Nov,2017,1943,440
2017-11-16,2898,2345,103,201,249,Nov,2017,2448,450
2017-11-17,1368,619,118,300,331,Nov,2017,737,631
2017-11-18,3356,2117,234,497,508,Nov,2017,2351,1005
2017-11-19,2074,1577,174,161,162,Nov,2017,1751,323
2017-11-20,3678,3183,80,186,229,Nov,2017,3263,415
2017-11-21,444,82,62,142,158,Nov,2017,144,300
2017-11-22,717,140,140,202,235,Nov,2017,280,437
2017-11-23,787,309,292,87,99,Nov,2017,601,186
2017-11-24,832,143,128,291,270,Nov,2017,271,561
2017-11-25,877,180,185,265,247,Nov,2017,365,512
2017-11-26,457,107,112,125,113,Nov,2017,219,238
2017-11-27,976,130,124,351,371,Nov,2017,254,722
2017-11-28,505,70,65,180,190,Nov,2017,135,370
2017-11-29,1035,141,126,368,400,Nov,2017,267,768
2017-11-30,577,99,87,192,199,Nov,2017,186,391
2017-12-01,579,99,93,179,208,Dec,2017,192,387
2017-12-02,412,126,120,84,82,Dec,2017,246,166
2017-12-03,868,193,178,241,256,Dec,2017,371,497
2017-12-04,789,112,92,286,299,Dec,2017,204,585
2017-12-05,707,105,87,252,263,Dec,2017,192,515
2017-12-06,767,105,70,278,314,Dec,2017,175,592
2017-12-07,624,59,50,264,251,Dec,2017,109,515
2017-12-08,538,60,59,205,214,Dec,2017,119,419
2017-12-09,698,108,126,231,233,Dec,2017,234,464
2017-12-10,703,118,118,235,232,Dec,2017,236,467
2017-12-11,550,65,53,227,205,Dec,2017,118,432
2017-12-12,612,103,90,210,209,Dec,2017,193,419
2017-12-13,684,88,73,256,267,Dec,2017,161,523
2017-12-14,685,92,90,247,256,Dec,2017,182,503
2017-12-15,469,94,86,133,156,Dec,2017,180,289
2017-12-16,679,170,152,181,176,Dec,2017,322,357
2017-12-17,456,121,137,100,98,Dec,2017,258,198
2017-12-18,154,46,31,44,33,Dec,2017,77,77
2017-12-19,211,51,44,37,79,Dec,2017,95,116
2017-12-20,739,129,123,222,265,Dec,2017,252,487
2017-12-21,446,84,79,130,153,Dec,2017,163,283
2017-12-22,259,55,56,65,83,Dec,2017,111,148
2017-12-23,582,133,107,169,173,Dec,2017,240,342
2017-12-24,392,116,102,92,82,Dec,2017,218,174
2017-12-25,123,50,60,6,7,Dec,2017,110,13
2017-12-26,276,106,91,32,47,Dec,2017,197,79
2017-12-27,364,97,92,86,89,Dec,2017,189,175
2017-12-28,468,112,103,118,135,Dec,2017,215,253
2017-12-29,237,48,53,64,72,Dec,2017,101,136
2017-12-30,756,168,159,223,206,Dec,2017,327,429
2017-12-31,807,167,140,263,237,Dec,2017,307,500
